 
2.95912208285591102582E-4
-2.8369446340813151639e-007
 4.5144118714356666407e-003
 5.1811944086463255444e-006
 7.2282841152065867346e-004
 2.2306588340621263489e-006
 2.4659100492567986271e-004
 
4.91254745145081175785E-11
 3.7085069798210382186e-003
 3.6030663368975339466e-001
 2.4854958767430945324e-002
-9.4812876741771684223e-002
 1.2929109014677844626e-002
-8.7466840117233140436e-002
 
7.24345620963276523095E-10
 1.1156645711264016669e-002
 6.0786466491731583464e-001
 1.5494075513638794325e-002
-3.5518362463675619232e-001
 6.2773904546696609267e-003
-1.9824142909855515515e-001
 
8.88769273403302327042E-10
 0.016826
 0.108218
 0.00156232 		
-0.927087
 0.000677537		
-0.40208 	
 
